30	290
12.167	322.833
45.5	406.833
45.5	516.833
80.833	534.833
36	289
16	321
47	407.5
48.5	512
81.5	534
39.5	288.5
19	320.5
48.5	408.5
48	514
82	535
42.5	287.5
21	321
50	408.5
50	516.5
81.5	534.5
47.5	286.5
25	322
55	410
49	515
80	533.5
50	290
30	320
55	409
48.5	514
81.5	534.5
52	297
32.167	321.5
56.833	409.5
47.5	514.167
82.833	534.833
50.5	287.5
36.5	320.5
57	409
49.5	511.5
82.5	533.5
56.5	288
38.5	320
56.5	407.5
50.5	513
81.5	534.5
60	289
42.167	317.833
60.833	408.5
50.167	511.833
82.167	537.167
62	289.5
45.5	317
61.5	408
49	513.5
81.5	534
69	285
47.5	320.833
63.5	406.167
50.833	511.5
80.833	533.5
70	287.5
51.5	320.5
65.5	407.5
50.5	512
83	535
75.5	287
55	317.5
66	407.5
52	511.5
81	536.5
81	287
58.5	318
67.5	408
50.5	511
80	533.5
86	287
62.833	317.167
68.167	407.167
50.833	510.5
81.5	533.833
90	288
67.5	320.5
71.5	407.167
51.5	511.833
80.833	536.5
96	289
71.5	318
75	407
54	510.5
81	537
100	289.5
74	319
76.5	408.5
54.5	510
82	535
103	291
78.5	319.5
78.5	407.5
52	510.5
81	535.5
110	293
82.833	320.833
81.5	409.5
52.833	508.833
80.167	534.167
115	293
89.5	321
85.5	408
55	509
82	535
119.5	292.5
94	320
90	409
56	506.5
81	534
125	295
100.5	320
93	409.5
56	504
83	533.5
131.5	295
105.5	322.5
98.5	410
56.5	503.5
82	533
135.5	296.5
112	325
103.5	409.5
58.5	502.5
81.5	534
141	297
116.5	322
111	412
62	501
82	534
147.5	296.5
124	325
118.5	411
64	499
82.5	536.5
154	296
130.833	324.5
126.167	412.5
68.833	492.5
84.167	535.833
157.5	296
137	324
136.5	413
73.5	490.5
84.5	534.5
164.5	297
143.5	326
144.5	413
80.5	487
87.5	530
171	293
152	324.5
155	414.5
89.5	480.5
90.5	527
180	299.5
158.5	325
167	414
95.5	479
94.5	523.5
187.5	293.5
163	326
174.5	413.5
105.5	476
105	521
192	294
169.5	323.5
184.5	409.5
113	474
113	519
199.5	292
179	322
193	408.5
123.5	470.5
125.5	517
205	289.5
184.5	320.5
205	408.5
136	471.5
136.5	519.5
207	289
188	322.5
214.5	407.5
147	475.5
149	522
213	288
193.5	320.5
220.5	407
157.5	478
162.5	522.5
219	287
196.833	318.167
232.167	406.833
167.5	481.5
179.5	526.167
222	283
201	318
236	407
178	488.5
195	525
227.5	285.5
210.5	318.5
244.5	403.5
192.5	487.5
210	530.5
232.5	284.5
213.5	317
250	401
208	496.5
228	531
236	283
220.833	318.167
256.833	402.833
221.5	499.5
245.5	533.5
242	285.5
225	315.5
263.5	403
234	501.5
260	533
246	282
228.833	317.5
268.167	404.167
248.167	506.833
280.167	534.167
251	282
234.833	317.167
272.167	399.833
262.167	509.833
294.833	534.5
255	284
237.5	316
277.5	400.5
276	512.5
310.5	533
259	284
243.833	318.833
282.5	405.5
288.5	514.833
329.833	534.167
264.5	286.5
248	317.5
285.5	402.5
302.5	515.5
341	529
267.5	287.5
253	321
290.5	406.5
314.5	513
354.5	525
273	289
256.833	321.167
294.833	406.5
322.833	513.167
366.167	524.5
277	288
261.5	322.833
299.5	406.833
335.5	512.167
376.167	522.167
282	289
268.167	323.5
305.5	406.167
341.5	512.833
383.5	520.833
288	293
270.167	323.167
310.833	410.5
348.833	512.5
390.167	516.5
292	289.5
275.5	325
315.5	408.5
352.5	513.5
394.5	518.5
297.5	292
277.5	323.5
321	407
356.5	513.5
400.5	524
301.5	291.5
289	324.5
330	407
356.5	514.5
400.5	523.5
307.5	292
295	325
337	407.5
361.5	516
403	525.5
314	292
299.5	326.5
346.833	411.833
364.833	517.833
406.167	529.167
318	292
300.167	315.5
347.5	408.833
362.833	515.5
404.833	531.5
326	292
309.5	324.833
352.167	408.833
365.5	518.833
405.5	532.167
330	292
312.5	326.5
359	409.5
369	518.5
407	534.5
335.5	288
320	325.5
361	410
369	520
405.5	532.5
340	288
324	321.5
365.5	409.5
366.5	517
406	533
346	286
327.833	322.833
366.5	405.5
367.167	516.167
404.5	532.167
350	286.5
334	318.5
368.5	407.5
368.5	517
406.5	535
354	287.5
336.5	322
372.5	408.5
365	517.5
407.5	533
358	287
341.5	320.167
374.167	409.5
368.167	514.167
406.167	533.5
366	291
345.5	314.833
376.167	408.167
369.5	515.5
408.833	534.167
362	283
346.833	320.167
376.167	408.167
368.833	517.5
406.833	534.833
366	286
351.5	319
380.5	410
370.5	515
407.5	534
375	284
354.833	316.5
378.167	407.833
370.167	517.833
408.833	538.5
378	285
360.833	318.5
380.167	405.833
370.167	517.167
407.5	535.833
382	284.5
363.5	316.5
382.5	408.5
368	513.5
406.5	534
386.5	284.5
365	319
384	407.5
370.5	517
406	535.5
390	283
368.167	318.167
386.167	408.167
370.833	512.833
407.5	536.167
392.5	286
375	316.5
387.5	408
371	515
407	536
398	284
374.5	318.5
387.5	408.5
371.5	517.5
408.5	535.5
402	285
381.167	316.833
391.167	409.5
367.167	516.833
406.5	534.167
405	286
382.833	318.167
392.167	410.167
370.833	514.833
408.167	536.167
411	289
386.167	318.5
392.167	409.833
370.833	514.5
407.5	535.833
415	285
391.167	322.833
395.167	412.833
371.167	516.833
407.833	534.167
420	287
396.167	317.5
397.5	410.833
372.833	512.833
406.167	532.833
424	289
401.5	318.167
398.833	410.167
373.5	513.5
408.833	534.833
430	288
406.167	322.5
404.167	411.833
371.5	514.5
407.5	535.833
434	289.5
411	319.5
407	411
373.5	513.5
408	536
441	291
416.167	320.5
412.167	410.5
373.5	511.833
407.5	533.167
445.5	293
419.5	321.5
413.5	410
372.5	510.5
407.5	536
451	292
423.833	323.5
418.5	412.167
373.833	508.833
409.167	533.5
458	293
434.167	321.5
424.167	412.167
372.833	508.167
408.833	534.833
461	293
438.5	321.5
428.5	410.167
378.5	504.833
408.5	534.167
468	295
443.5	323.167
433.5	411.167
378.167	503.833
408.167	535.167
474	293
446.833	321.833
439.5	413.167
381.5	503.167
407.5	535.833
478.5	293
453	323
447	413
382	498.5
407	534
486	295
461.5	322.833
454.833	414.167
388.167	496.833
409.5	536.167
490	294
465.833	324.5
465.833	414.5
393.167	493.167
409.833	533.833
497	292.5
475	322.5
474.5	413
397	489
411.5	534
501	294
482.167	323.167
484.833	418.5
404.167	488.5
416.167	533.833
507	292
487.5	321.5
496.833	414.167
415.5	479.5
420.833	529.5
510.5	293.5
494.5	325.5
505.5	413.5
421.5	478.5
425.5	524
521	293.5
501	323.5
514.5	413.5
433.5	476.5
435	521.5
525	289
509.5	322.167
526.833	412.167
441.5	474.833
445.5	519.5
532	288
514.833	322.167
532.833	411.5
454.167	474.833
458.167	522.167
536	287
518	319.5
542	408.5
465	476
471	521.5
543	287
524.833	321.833
550.833	407.833
478.167	479.833
484.833	521.833
546	287
528.167	321.167
560.167	407.833
488.833	484.5
500.833	526.5
552	284
534.167	317.833
565.5	405.833
498.833	486.5
514.167	527.833
557.5	283
541.5	315
574.5	404.5
511.5	488.5
534.5	530
559.5	284
546.5	316
581.5	405
524	494
546.5	531.5
564.5	282
552	315.5
588	402
539	497
566	534
570	283
554.167	314.167
595.5	400.833
552.833	501.5
583.5	536.167
574	283
561.167	315.167
601.167	399.833
568.5	505.833
600.5	535.833
579	282
564.833	318.833
605.5	403.5
580.167	509.5
615.5	536.833
584	284
567.5	317.5
609.5	403.5
594.167	510.167
632.833	536.167
588	284
574.833	318.833
612.833	399.5
608.167	514.167
646.833	533.5
593.5	284
577	318
619	402.5
623.5	517
663.5	532
597	286
585.5	319.167
621.5	405.167
636.167	515.833
677.5	531.167
602	287
586.833	319.5
624.833	405.5
646.833	518.833
688.167	529.5
606	286.5
590	319
631	410.5
657.5	516.5
702	522.5
612.5	288.5
595.5	320.5
634	409
664	518.5
709	523.5
618	288
600.167	319.5
641.5	408.833
667.5	516.167
714.833	524.167
622	288
606.5	321.5
645.833	411.5
674.5	517.5
720.5	522.167
627	290
611.167	324.5
652.5	411.833
676.5	519.167
723.167	528.5
634	292
617.833	326.833
657.833	410.833
674.5	519.5
724.5	530.167
638	292
622.167	326.5
662.833	409.833
679.5	520.5
722.833	532.5
643	291
627.167	328.833
667.833	411.5
681.833	521.5
724.5	534.833
647	294
633.5	325.5
671.5	413
683.5	520
725	537
653.5	290
641.5	322.5
677	410.5
683	520
727	537.5
660	291
646.833	326.167
680.833	411.5
684.833	520.167
725.5	538.833
664	290.5
645.5	325
686	409
687	520
725.5	538
666	288.5
652	322
690	412
686.5	519
726.5	538
672	288
655.833	321.167
692.5	411.167
687.167	520.5
725.833	537.833
678	289.5
661	322.5
693.5	412.5
686.5	520
727	539
682	289
668.167	321.5
697.5	410.833
688.167	520.833
728.167	540.833
688	290
671.167	320.167
697.833	412.833
688.5	520.833
725.833	539.5
695	294
674.5	320.833
699.167	413.5
686.5	520.833
727.833	540.833
699	293
678.5	318.5
703.167	412.5
687.833	521.167
727.833	540.5
699	287
682.5	320.833
705.167	413.5
687.833	520.833
728.5	540.167
702.5	287.5
684.5	319
705	409
687.5	521
726.5	538
708	288
691	319
707.5	412
689.5	519
726.5	538
712	287
694.5	318.167
709.167	410.833
687.833	520.833
726.5	539.5
719	286.5
698	318.5
711	411
686	518.5
727.5	540.5
720	286
701.5	317.833
713.5	413.833
687.5	517.167
728.167	538.5
726	285
706.5	319.167
713.833	411.833
687.833	518.5
727.833	539.833
731	285
709.5	319.833
714.833	411.167
686.833	519.833
724.833	541.167
733.5	286
713	319.5
717	412
688	517.5
725.5	539.5
740	288
716.5	318.167
718.5	412.833
689.167	517.5
727.167	540.833
745	286
720.5	319.5
723.833	410.833
689.833	516.167
727.833	540.167
749	288
726.5	320.5
725.167	409.833
690.5	517.167
727.167	540.5
754	290
730.5	320.5
726.5	413.167
689.167	515.833
729.167	539.833
761	290
735.833	320.167
729.167	412.167
691.833	517.5
729.167	540.833
763	292
740.833	322.167
732.833	413.5
690.833	516.167
730.167	541.5
770	290.5
745	321
734	414
692	515.5
726.5	541
775	294
748.833	323.167
738.833	414.5
692.167	515.833
728.167	540.5
779	292
755.167	321.5
745.167	414.167
692.5	511.5
729.167	542.167
785.5	296
760.5	321.5
748.5	412.5
694	512
728	540
791	294
767.167	322.167
753.833	413.5
695.167	510.833
726.5	541.5
795	294.5
771	323
757	414
695	509.5
728	540.5
802	295
776.833	325.167
767.5	415.167
698.833	507.833
729.5	540.5
808	297
783.5	323.5
769.5	415
702	506
728	542
814	296
788.5	325
778	414
705.5	501.5
730	543
818	295
794.833	325.167
788.833	416.5
711.5	498.5
729.5	543.167
826	296
804.167	326.833
799.5	417.5
718.167	492.833
732.167	538.833
831	296
811	326.5
811.5	416.5
727.5	491
734	537.5
840	298
817.5	326.167
821.5	416.833
734.833	486.167
738.167	533.5
844	296
827.5	328
833.5	418
744.5	484.5
741	531
850	296
832.833	326.833
843.5	416.833
753.5	480.167
750.167	528.167
853	291.5
840	324
853.5	416.5
763	476
759	524.5
863	292
845.5	325
863	413.5
773	474
774	523.5
869	289
849.833	323.5
873.167	414.167
783.167	476.167
785.833	524.167
874	289
859.167	324.833
879.833	411.5
794.5	478.167
801.833	524.167
877	289
864.833	322.5
889.5	411.833
805.5	478.5
814.167	524.5
884	285
867.5	320.167
897.5	408.833
818.167	480.833
827.5	527.5
887	286
873.833	320.167
906.5	406.833
829.167	484.833
842.5	530.167
892	284
878.5	318.167
913.833	406.833
842.5	489.5
861.833	533.5
900	285
887.5	319.5
922.167	406.167
854.833	496.167
876.833	533.5
902	284
891.5	318.167
927.5	403.5
868.167	498.833
894.167	533.5
907.5	283
896.5	316.5
933	403.5
881	501
912.5	536.5
911	282
901.167	317.5
940.5	401.5
892.5	508.167
929.833	537.5
917	285
904.5	320.5
945.167	403.167
907.833	510.5
944.5	539.833
922	283
909.5	317.5
947.5	403.5
923	513.5
962.5	539
927	285
915.5	317.833
953.5	402.5
938.167	516.5
978.833	537.833
931	285
918.5	319.5
956	405
953	518.5
994.5	537
936	287
924.833	319.833
959.5	407.167
965.5	518.5
1008.167	534.5
942	289
928.833	320.833
964.833	408.167
976.167	520.167
1023.5	530.167
945	289
932.5	322.167
967.833	410.167
989.833	517.5
1033.833	527.5
949	290
938.5	323.833
972.5	411.167
997.833	516.5
1043.833	524.5
955	291
942.167	324.5
978.167	412.5
1005.5	518.5
1053.5	523.833
960	293
949.5	326.5
984.833	410.5
1013.5	520.5
1056.167	524.5
966	295
955.167	325.833
989.833	409.833
1012.5	519.167
1062.5	526.5
971	294
962.167	326.167
994.167	412.167
1016.167	522.833
1062.167	530.167
977	294
970.5	326.5
1002.5	413.167
1019.167	520.5
1063.833	531.167
982	293
970.167	327.833
1007.5	411.833
1019.5	522.5
1064.167	533.833
988	293
974.833	328.5
1012.167	413.833
1022.833	521.833
1065.5	539.167
993.5	291.5
981	329
1018.5	415
1022.5	523.5
1067	540.5
998	290
988.167	327.5
1024.833	411.5
1024.833	520.167
1069.5	539.5
1005	292
995.5	324.833
1028.167	413.5
1024.167	524.167
1066.833	537.5
1011.5	291
999	324.5
1032	412
1027	522
1066	538.5
1014	295
1004.167	322.833
1036.833	412.167
1023.5	522.833
1068.833	537.5
1025	290
1010.167	324.833
1036.833	411.5
1024.167	522.833
1066.833	538.167
1031	286
1014	322.5
1040	411
1026	523
1067.5	538.5
1034	287.5
1018.5	322
1043	415.5
1028	521
1066	539
1037	289
1022.167	320.833
1045.5	412.833
1025.5	521.5
1067.5	540.167
1041	289
1025.5	320.167
1046.833	414.833
1026.833	520.167
1068.167	539.5
1046	288
1029.5	322.833
1048.167	410.167
1026.167	519.5
1067.5	542.167
1050	286
1032.833	320.833
1050.833	414.833
1028.167	522.167
1068.167	540.167
1052	287
1037.5	319.167
1053.5	413.167
1026.833	520.5
1066.167	541.167
1058	287
1041.5	319.833
1056.167	411.833
1029.5	522.5
1069.5	541.167
1062	285.5
1043	319
1058.5	414
1028	521.5
1069	541
